-768  26  -803  484  252  -133  -145  -230  -600  943  
384  957  984  291  991  824  404  893  -788  -927  
-173  805  765  421  159  138  356  940  -191  9  
103  391  743  -614  -377  -865  -957  962  942  -260  
625  -824  948  864  140  -142  -565  381  420  -979  
498  539  8  -810  749  -496  -936  -461  -952  -835  
825  -462  -118  189  152  -303  457  -899  -553  420  
-857  -105  760  549  -658  609  643  -498  864  -205  
-255  130  -75  531  -205  -939  -402  169  928  23  
316  222  196  69  933  -957  -104  -211  664  -547  
-780  268  -745  562  863  122  901  -631  906  245  
567  427  -262  -380  -422  -296  -866  -769  260  710  
-48  607  -254  933  -548  570  -789  -673  -364  -283  
-590  -514  -610  950  -430  835  -727  869  282  222  
622  -914  545  -538  -887  -938  290  -950  45  752  
-501  219  -721  425  -640  996  832  -100  237  -659  
-922  981  90  358  -326  906  546  2  638  -465  
-462  787  -17  -165  -373  802  309  207  -971  -618  
616  -456  -142  543  404  -572  625  145  -814  763  
338  471  -384  -505  718  -707  124  -339  -33  -782  
587  -437  690  623  58  -739  -211  925  -299  685  
-871  -887  24  -328  468  -391  -361  339  805  170  
887  600  -884  -254  368  909  -403  452  650  317  
795  -958  797  983  -320  -58  872  -319  -384  855  
-231  -636  -940  -24  -982  777  784  -571  39  540  
-611  -520  -368  358  -580  -890  -52  -260  440  -329  
462  -821  237  -974  -142  160  -952  -557  381  994  
-40  278  -953  -821  108  701  116  -735  -112  -198  
-502  945  985  853  266  -742  527  9  2  -979  
-185  -694  556  897  679  824  -92  858  -739  760  
-668  254  540  -6  -957  168  -454  45  928  334  
-717  -589  164  -450  83  698  138  -75  -393  -120  
960  -236  721  880  -824  -556  -580  923  -497  715  
114  722  -351  -666  493  -32  -234  132  -861  697  
-916  -158  738  -540  -591  -597  839  -112  -156  161  
457  536  -544  -481  40  -867  -923  239  74  670  
-929  950  719  -249  -245  103  -481  -568  -307  -176  
678  956  -455  855  -78  -691  -226  -321  -811  708  
-299  326  -857  -443  -321  330  203  -561  702  -193  
529  -928  -100  -348  -157  -489  -909  628  208  -431  
358  -411  187  127  452  -602  946  684  817  -802  
90  12  109  -359  412  -501  -390  473  -161  578  
522  -918  -687  -275  -256  -26  502  852  897  -898  
371  37  -598  945  706  728  962  -404  -18  170  
816  -21  -531  352  -721  691  -914  -726  0  713  
-654  354  259  -343  -922  378  630  961  722  242  
-846  -871  672  -300  -423  -630  -613  -39  -717  898  
-94  891  778  -225  113  176  -59  -403  -457  643  
287  -451  -396  782  960  615  -15  -441  913  369  
-50  170  -195  527  431  -37  -832  -198  -860  -465  
-961  203  319  760  -352  656  -607  675  88  -176  
869  -836  693  -659  215  116  742  -329  302  322  
461  247  -791  26  -2  873  -454  96  162  895  
666  715  675  -649  -160  891  -596  948  842  -683  
-250  -885  -585  949  -286  -295  -595  -66  -81  -417  
-119  288  661  582  -402  485  -95  34  134  -186  
-878  36  407  581  -549  602  -727  -620  925  -382  
780  -228  -850  -345  -270  614  -781  -942  -856  -181  
79  325  148  -959  -959  -816  -576  313  403  -131  
-754  294  440  -131  -590  -251  -756  910  75  625  
-377  181  -236  462  -557  -142  305  47  -438  -822  
-976  -478  -596  833  389  -213  277  503  2  73  
-835  -552  -706  956  559  943  -576  790  -45  35  
630  630  -868  505  97  200  191  307  -347  -414  
752  81  535  988  914  -546  212  340  -456  880  
928  894  -310  -495  -348  -279  -549  -960  184  -385  
451  523  -76  662  -182  -320  -140  -708  897  -503  
937  13  891  562  157  -343  662  -603  -778  -758  
591  407  -698  7  380  706  -167  -217  -695  459  
284  -455  -572  157  178  10  981  -413  127  268  
796  -483  401  316  -38  671  29  -867  -700  -140  
-446  838  -971  975  210  -951  804  -277  689  784  
-348  -79  -169  165  -551  -52  -698  496  928  -858  
255  998  -272  649  875  832  -750  224  725  -43  
-390  423  -202  392  435  -654  818  984  40  -638  
588  38  -310  134  518  -182  933  -639  -84  750  
652  -917  975  -900  -711  -461  838  -948  -84  -616  
-831  212  -682  841  -462  242  966  -959  28  -365  
-214  35  -889  375  602  712  431  -188  803  -80  
-45  -650  326  583  220  -164  52  -104  265  -720  
964  168  58  -336  -685  -773  788  -746  468  610  
-166  338  -265  -768  -250  369  -116  298  -543  -444  
860  -713  190  928  295  909  568  -617  371  577  
733  -131  -420  -391  -562  -966  -498  -922  954  79  
234  672  -534  915  -468  -809  -781  -632  236  -858  
-456  977  219  779  -13  -431  856  723  873  500  
125  -335  363  -418  971  478  716  658  -610  -176  
-43  -691  25  792  -623  963  -374  -49  -417  -175  
-560  186  555  -615  528  171  -27  -201  494  -623  
584  844  692  -51  551  372  -367  -688  394  -133  
-771  -631  814  -374  -926  -196  -326  -851  878  -455  
-793  -695  -618  -404  -763  -109  64  -270  922  674  
978  521  -113  -578  219  76  273  -537  -975  -926  
-115  932  -915  -926  149  -80  -194  612  569  -271  
188  622  136  471  314  780  -406  963  -603  680  
947  887  -233  -115  -344  126  495  346  -211  -189  
-655  855  -53  551  -161  331  502  688  -55  -448  
752  27  -674  459  -219  -976  478  197  173  -349  
-482  971  209  -359  368  -994  -264  -151  -148  937  
958  -397  -323  -116  621  -47  -583  183  -512  -765  
-984  699  -623  644  945  -625  -553  -747  460  -712  
826  627  -892  -285  617  471  437  -641  37  -239  
-666  -927  -784  645  -680  534  695  -881  -340  -729  
989  -647  -582  -776  919  608  610  476  241  -577  
94  -710  -107  -766  421  898  -354  -803  -941  -46  
811  392  691  660  -791  485  735  269  239  -600  
-457  -974  -172  -718  -542  993  -880  5  782  471  
-369  -759  -668  660  516  977  -612  989  450  743  
-183  -20  -441  -507  -355  208  -153  320  806  -125  
-9  991  -988  -995  -973  574  -785  840  345  -376  
-352  514  849  697  900  534  -913  -960  172  -675  
835  -383  712  812  -80  -592  -151  448  310  -81  
-793  -765  -201  136  399  697  987  298  -324  -170  
-711  573  -989  -707  -531  487  -249  -909  742  544  
-434  -736  610  899  310  521  -960  313  -360  106  
989  -169  -62  74  742  -600  -511  903  391  835  
812  904  905  -627  552  526  165  -570  156  -676  
-775  369  -642  571  -47  -83  178  435  926  -764  
-206  -283  -194  655  -285  899  994  -108  -79  -164  
709  726  -413  275  -511  501  -907  472  -263  859  
940  583  497  -965  428  100  465  216  796  646  
951  -21  -177  -609  781  904  -39  -77  544  972  
-344  933  -141  122  678  -166  635  -150  248  419  
-244  -273  -714  546  -771  -949  491  335  658  -898  
535  629  -147  338  955  325  -704  678  -506  301  
15  586  -68  271  205  673  -908  555  -260  763  
867  -666  675  -484  4  444  859  -354  862  417  
-348  564  141  -929  386  -974  -928  150  -531  695  
298  -913  -775  -186  343  329  6  788  -870  -953  
389  409  58  -325  -346  407  -428  937  865  -241  
-200  -30  682  923  -235  561  -313  -64  842  -855  
-724  -970  335  89  652  -969  -765  789  -266  897  
-244  -950  -754  548  -278  678  -233  -645  881  -232  
-722  951  257  -959  -517  -590  248  -277  -875  540  
-148  -386  -567  -734  70  -125  -316  527  790  -528  
-52  690  -224  -378  10  148  -575  -790  111  407  
268  -589  -570  -161  -556  151  1  176  -654  979  
-993  443  -170  85  -131  519  371  -174  -234  -331  
-588  947  738  -105  -360  -863  -345  -530  -609  -239  
-131  33  -234  361  654  982  -699  664  -146  410  
-443  -261  68  -358  151  -364  -292  862  -961  -442  
202  -710  473  904  -181  -655  253  727  -305  -216  
-461  -988  -193  56  -378  -70  -64  -320  395  917  
782  157  -520  548  -71  -824  135  337  -885  -757  
295  -414  651  924  555  -310  -44  -903  311  343  
-597  -530  827  986  -636  20  576  -668  416  -805  
-764  270  -935  193  185  956  -993  75  237  -939  
538  459  -833  -635  936  971  -836  -763  46  -965  
-899  757  486  554  163  -680  170  -509  -594  -215  
-224  778  806  415  401  592  627  851  -612  -261  
320  953  547  -623  -209  791  -509  -951  -81  -414  
-386  -742  437  -421  699  -957  748  -603  607  382  
802  -669  -330  -22  509  -263  346  364  -130  195  
-80  -107  -673  465  -619  -717  121  -633  -357  462  
545  975  992  -53  -120  164  649  -69  -205  404  
-527  711  -654  -114  612  375  -147  -514  -454  231  
-797  -82  712  -671  204  914  -326  798  794  -227  
-332  -526  -390  673  985  227  -594  -179  -915  608  
588  -675  -657  171  725  945  -977  639  62  483  
-437  883  123  395  -56  478  -165  875  -457  -184  
-867  337  -40  -612  -63  215  501  -343  -382  644  
-394  -133  -386  -138  -732  757  -947  373  -449  910  
-198  300  757  -94  802  896  -978  124  -596  -147  
860  -377  878  330  212  -475  -57  -383  -456  248  
721  -498  -515  -428  -471  -627  275  -218  501  247  
861  666  -862  -815  -388  -421  -704  169  356  -892  
349  -185  -723  -355  300  434  -913  -840  -447  57  
868  -279  -423  822  -41  41  -693  -4  -261  -609  
237  -605  -922  -926  963  -305  246  917  -549  -273  
581  -599  671  -339  -717  144  -550  -749  760  68  
220  -855  251  -397  -799  580  -148  20  481  224  
-189  -375  971  753  -847  -927  254  -623  -37  386  
138  313  570  -269  623  392  -313  7  -487  662  
-259  729  538  -862  351  -410  -778  -665  966  -245  
828  -192  377  117  -675  918  -520  496  148  -613  
-786  660  657  619  -80  -723  -847  711  -921  107  
775  -866  477  -912  -898  597  229  31  586  821  
-402  -288  -742  -496  537  506  -502  -688  942  754  
-352  -464  -671  -320  524  900  -731  687  -683  280  
-492  296  68  816  123  952  -72  -409  354  600  
-210  -863  -505  538  301  -350  45  -106  918  -137  
80  687  -444  -149  -853  208  -73  -823  333  867  
-319  627  76  -749  832  13  -373  571  8  947  
-780  479  -385  -930  693  -210  142  682  -291  -551  
-576  -469  -505  -772  -638  323  -516  686  -904  -128  
704  541  -831  -647  -405  -287  0  -940  -999  -928  
816  -955  752  903  736  -190  697  628  -243  -685  
-908  973  196  366  237  -21  1  497  -810  -928  
-811  286  -757  -331  576  -193  -826  677  -171  -692  
-752  806  402  -950  -543  -274  417  -351  -212  -313  
-855  828  963  -178  -145  363  640  -624  -536  306  
-945  171  -535  -86  -264  -622  719  777  -504  -18  
-393  129  -675  25  381  -96  911  -362  149  379  
-993  467  -632  -461  -566  -746  -350  216  201  -549  
184  -662  -874  -574  -491  835  225  -302  -201  -382  
96  -747  -501  938  398  -800  779  996  382  -148  
363  -888  106  -107  410  -207  -472  -334  480  -466  
-937  21  306  -475  -755  365  34  119  -174  -202  
988  -644  13  646  429  -918  978  -488  937  328  
57  343  907  -898  627  -353  687  -955  556  783  
